60.77952411993701 88.4065805380902 0.4074074074074074 0.4
71.83034668719829 71.83034668719829 0.5 0.4
66.30493540356764 82.88116925445956 0.4444444444444444 0.4
99.45740310535147 77.35575797082892 0.5625 0.4
60.77952411993701 88.4065805380902 0.4074074074074074 0.4
49.72870155267574 88.4065805380902 0.36 0.4
60.77952411993701 110.50822567261274 0.3548387096774194 0.4
60.77952411993701 93.93199182172083 0.39285714285714285 0.4
77.35575797082892 77.35575797082892 0.5 0.4
49.72870155267574 99.45740310535147 0.33333333333333337 0.4
76.00598842741493 59.71899090725459 0.56 0.6
59.71899090725459 70.57698925402815 0.4583333333333334 0.6
59.71899090725459 43.431993387094245 0.5789473684210527 0.6
86.86398677418849 48.86099256048103 0.64 0.6
55.25411283630637 49.72870155267574 0.5263157894736842 0.4
66.30493540356764 77.35575797082892 0.46153846153846156 0.4
108.57998346773562 76.00598842741493 0.5882352941176471 0.6
86.86398677418849 43.431993387094245 0.6666666666666667 0.6
82.88116925445956 93.93199182172083 0.46875000000000006 0.4
66.30493540356764 77.35575797082892 0.46153846153846156 0.4
77.35575797082892 66.30493540356764 0.5384615384615385 0.4
39.35276375712146 101.1928210897409 0.27999999999999997 0.2
39.35276375712146 123.68011466523888 0.24137931034482757 0.2
22.48729357549798 112.43646787748989 0.16666666666666669 0.2
67.46188072649393 112.43646787748989 0.37499999999999994 0.2
111.98432832600143 21.3303482525717 0.84 0.8
101.31915419971558 53.325870631429254 0.6551724137931034 0.8
101.31915419971558 21.3303482525717 0.8260869565217391 0.8
79.98880594714387 21.3303482525717 0.7894736842105263 0.8
39.35276375712146 44.97458715099596 0.4666666666666667 0.2
99.45740310535147 71.83034668719829 0.5806451612903226 0.4
44.2032902690451 60.77952411993701 0.4210526315789474 0.4
44.2032902690451 93.93199182172083 0.32 0.4
71.83034668719829 55.25411283630637 0.5652173913043479 0.4
49.72870155267574 71.83034668719829 0.4090909090909091 0.4
55.25411283630637 55.25411283630637 0.5 0.4
27.627056418153185 77.35575797082892 0.2631578947368421 0.4
44.2032902690451 44.2032902690451 0.5 0.4
61.84005733261944 140.54558484686237 0.3055555555555555 0.2
28.109116969372472 61.84005733261944 0.3125 0.2
61.84005733261944 101.1928210897409 0.3793103448275862 0.2
49.72870155267574 55.25411283630637 0.4736842105263158 0.4
38.67787898541446 93.93199182172083 0.2916666666666667 0.4
55.25411283630637 88.4065805380902 0.3846153846153846 0.4
82.88116925445956 82.88116925445956 0.5 0.4
60.77952411993701 77.35575797082892 0.43999999999999995 0.4
60.77952411993701 60.77952411993701 0.5 0.4
55.25411283630637 82.88116925445956 0.39999999999999997 0.4
44.2032902690451 93.93199182172083 0.32 0.4
86.86398677418849 81.43498760080172 0.5161290322580644 0.6
65.14799008064138 54.28999173386781 0.5454545454545455 0.6
65.14799008064138 76.00598842741493 0.4615384615384616 0.6
70.57698925402815 27.144995866933904 0.7222222222222223 0.6
92.29298594757527 54.28999173386781 0.6296296296296297 0.6
70.57698925402815 48.86099256048103 0.5909090909090908 0.6
55.25411283630637 88.4065805380902 0.3846153846153846 0.4
55.25411283630637 77.35575797082892 0.4166666666666667 0.4
82.88116925445956 27.627056418153185 0.75 0.4
27.627056418153185 66.30493540356764 0.29411764705882354 0.4
81.43498760080172 54.28999173386781 0.6000000000000001 0.6
86.86398677418849 81.43498760080172 0.5161290322580644 0.6
65.14799008064138 70.57698925402815 0.4800000000000001 0.6
48.86099256048103 65.14799008064138 0.4285714285714286 0.6
76.00598842741493 38.00299421370747 0.6666666666666666 0.6
38.00299421370747 48.86099256048103 0.43749999999999994 0.6
77.35575797082892 99.45740310535147 0.4375 0.4
99.45740310535147 99.45740310535147 0.5 0.4
55.25411283630637 88.4065805380902 0.3846153846153846 0.4
61.84005733261944 95.57099769586641 0.3928571428571428 0.2
33.730940363246965 78.70552751424292 0.3 0.2
22.48729357549798 95.57099769586641 0.19047619047619047 0.2
88.4065805380902 49.72870155267574 0.64 0.4
55.25411283630637 121.55904823987402 0.3125 0.4
110.50822567261274 82.88116925445956 0.5714285714285714 0.4
22.48729357549798 67.46188072649393 0.25 0.2
33.730940363246965 95.57099769586641 0.2608695652173913 0.2
159.97761189428775 47.99328356828633 0.7692307692307692 0.8
81.43498760080172 27.144995866933904 0.7500000000000001 0.6
97.72198512096206 48.86099256048103 0.6666666666666667 0.6
54.28999173386781 38.00299421370747 0.5882352941176471 0.6
71.83034668719829 60.77952411993701 0.5416666666666667 0.4
44.2032902690451 66.30493540356764 0.4 0.4
77.35575797082892 77.35575797082892 0.5 0.4
71.83034668719829 82.88116925445956 0.46428571428571425 0.4
44.2032902690451 88.4065805380902 0.33333333333333337 0.4
55.25411283630637 88.4065805380902 0.3846153846153846 0.4
66.30493540356764 104.9828143889821 0.3870967741935484 0.4
44.2032902690451 44.2032902690451 0.5 0.4
66.30493540356764 88.4065805380902 0.42857142857142855 0.4
66.30493540356764 71.83034668719829 0.4799999999999999 0.4
60.77952411993701 77.35575797082892 0.43999999999999995 0.4
71.83034668719829 55.25411283630637 0.5652173913043479 0.4
49.72870155267574 88.4065805380902 0.36 0.4
82.88116925445956 71.83034668719829 0.5357142857142857 0.4
44.97458715099596 78.70552751424292 0.36363636363636365 0.2
28.109116969372472 50.59641054487045 0.3571428571428571 0.2
50.59641054487045 61.84005733261944 0.45 0.2
16.865470181623483 118.05829127136438 0.125 0.2
22.48729357549798 101.1928210897409 0.18181818181818182 0.2
11.24364678774899 129.30193805911338 0.08 0.2
44.97458715099596 118.05829127136438 0.27586206896551724 0.2
11.24364678774899 78.70552751424292 0.12500000000000003 0.2
11.24364678774899 123.68011466523888 0.08333333333333334 0.2
33.730940363246965 61.84005733261944 0.35294117647058826 0.2
56.218233938744945 89.94917430199192 0.38461538461538464 0.2
39.35276375712146 73.08370412036842 0.35 0.2
56.218233938744945 61.84005733261944 0.4761904761904762 0.2
61.84005733261944 101.1928210897409 0.3793103448275862 0.2
28.109116969372472 101.1928210897409 0.21739130434782608 0.2
33.730940363246965 44.97458715099596 0.4285714285714285 0.2
67.46188072649393 67.46188072649393 0.5 0.2
33.730940363246965 129.30193805911338 0.20689655172413793 0.2
61.84005733261944 140.54558484686237 0.3055555555555555 0.2
50.59641054487045 89.94917430199192 0.36 0.2
44.97458715099596 78.70552751424292 0.36363636363636365 0.2
22.48729357549798 140.54558484686237 0.13793103448275862 0.2
44.97458715099596 84.32735090811741 0.3478260869565218 0.2
111.98432832600143 37.328109442000475 0.75 0.8
85.3213930102868 10.66517412628585 0.888888888888889 0.8
63.9910447577151 0.0 1.0 0.8
90.65398007342974 15.997761189428775 0.8500000000000001 0.8
101.31915419971558 15.997761189428775 0.8636363636363636 0.8
114.0089826411224 38.00299421370747 0.75 0.6
59.71899090725459 86.86398677418849 0.40740740740740744 0.6
59.71899090725459 48.86099256048103 0.55 0.6
81.43498760080172 54.28999173386781 0.6000000000000001 0.6
65.14799008064138 43.431993387094245 0.6000000000000001 0.6
65.14799008064138 21.715996693547122 0.75 0.6
76.00598842741493 70.57698925402815 0.5185185185185185 0.6
48.86099256048103 54.28999173386781 0.4736842105263158 0.6
82.88116925445956 121.55904823987402 0.40540540540540543 0.4
55.25411283630637 82.88116925445956 0.39999999999999997 0.4
49.72870155267574 99.45740310535147 0.33333333333333337 0.4
86.86398677418849 43.431993387094245 0.6666666666666667 0.6
81.43498760080172 43.431993387094245 0.6521739130434783 0.6
65.14799008064138 54.28999173386781 0.5454545454545455 0.6
48.86099256048103 43.431993387094245 0.5294117647058824 0.6
101.31915419971558 31.99552237885755 0.76 0.8
67.46188072649393 157.41105502848583 0.3 0.2
39.35276375712146 78.70552751424292 0.33333333333333337 0.2
33.730940363246965 84.32735090811741 0.28571428571428575 0.2
44.97458715099596 106.8146444836154 0.2962962962962963 0.2
16.865470181623483 73.08370412036842 0.1875 0.2
56.218233938744945 112.43646787748989 0.33333333333333337 0.2
28.109116969372472 134.92376145298786 0.1724137931034483 0.2
50.59641054487045 78.70552751424292 0.39130434782608703 0.2
56.218233938744945 95.57099769586641 0.37037037037037035 0.2
56.218233938744945 73.08370412036842 0.4347826086956522 0.2
11.24364678774899 89.94917430199192 0.11111111111111112 0.2
61.84005733261944 67.46188072649393 0.47826086956521746 0.2
28.109116969372472 101.1928210897409 0.21739130434782608 0.2
22.48729357549798 123.68011466523888 0.15384615384615385 0.2
44.97458715099596 61.84005733261944 0.4210526315789474 0.2
44.97458715099596 84.32735090811741 0.3478260869565218 0.2
38.67787898541446 77.35575797082892 0.3333333333333333 0.4
77.35575797082892 44.2032902690451 0.6363636363636364 0.4
61.84005733261944 73.08370412036842 0.4583333333333333 0.2
39.35276375712146 112.43646787748989 0.25925925925925924 0.2
56.218233938744945 101.1928210897409 0.3571428571428571 0.2
93.93199182172083 38.67787898541446 0.7083333333333334 0.4
59.71899090725459 65.14799008064138 0.47826086956521735 0.6
71.83034668719829 82.88116925445956 0.46428571428571425 0.4
16.57623385089191 88.4065805380902 0.15789473684210525 0.4
86.86398677418849 59.71899090725459 0.5925925925925926 0.6
81.43498760080172 54.28999173386781 0.6000000000000001 0.6
81.43498760080172 38.00299421370747 0.6818181818181819 0.6
86.86398677418849 32.57399504032069 0.7272727272727272 0.6
108.57998346773562 21.715996693547122 0.8333333333333334 0.6
43.431993387094245 38.00299421370747 0.5333333333333332 0.6
70.57698925402815 65.14799008064138 0.52 0.6
97.72198512096206 38.00299421370747 0.7200000000000001 0.6
65.14799008064138 48.86099256048103 0.5714285714285715 0.6
92.29298594757527 38.00299421370747 0.7083333333333334 0.6
97.72198512096206 43.431993387094245 0.6923076923076924 0.6
59.71899090725459 38.00299421370747 0.6111111111111112 0.6
86.86398677418849 70.57698925402815 0.5517241379310345 0.6
81.43498760080172 59.71899090725459 0.576923076923077 0.6
66.30493540356764 60.77952411993701 0.5217391304347826 0.4
60.77952411993701 60.77952411993701 0.5 0.4
59.71899090725459 54.28999173386781 0.5238095238095238 0.6
43.431993387094245 54.28999173386781 0.4444444444444445 0.6
88.4065805380902 77.35575797082892 0.5333333333333333 0.4
55.25411283630637 93.93199182172083 0.37037037037037035 0.4
44.97458715099596 106.8146444836154 0.2962962962962963 0.2
56.218233938744945 67.46188072649393 0.45454545454545453 0.2
50.59641054487045 78.70552751424292 0.39130434782608703 0.2
44.97458715099596 106.8146444836154 0.2962962962962963 0.2
56.218233938744945 67.46188072649393 0.45454545454545453 0.2
50.59641054487045 101.1928210897409 0.3333333333333333 0.2
22.10164513452255 77.35575797082892 0.22222222222222224 0.4
60.77952411993701 93.93199182172083 0.39285714285714285 0.4
33.730940363246965 129.30193805911338 0.20689655172413793 0.2
28.109116969372472 84.32735090811741 0.25 0.2
39.35276375712146 134.92376145298786 0.22580645161290322 0.2
61.84005733261944 101.1928210897409 0.3793103448275862 0.2
56.218233938744945 101.1928210897409 0.3571428571428571 0.2
61.84005733261944 106.8146444836154 0.3666666666666667 0.2
28.109116969372472 101.1928210897409 0.21739130434782608 0.2
56.218233938744945 118.05829127136438 0.3225806451612903 0.2
44.97458715099596 89.94917430199192 0.3333333333333333 0.2
39.35276375712146 78.70552751424292 0.33333333333333337 0.2
67.46188072649393 112.43646787748989 0.37499999999999994 0.2
111.98432832600143 21.3303482525717 0.84 0.8
117.31691538914436 42.6606965051434 0.7333333333333334 0.8
111.98432832600143 31.99552237885755 0.7777777777777778 0.8
138.64726364171605 37.328109442000475 0.7878787878787878 0.8
111.98432832600143 26.662935315714627 0.8076923076923077 0.8
122.64950245228728 37.328109442000475 0.7666666666666667 0.8
85.3213930102868 15.997761189428775 0.8421052631578948 0.8
101.31915419971558 58.65845769457218 0.6333333333333334 0.8
101.31915419971558 15.997761189428775 0.8636363636363636 0.8
138.64726364171605 37.328109442000475 0.7878787878787878 0.8
85.3213930102868 5.332587063142925 0.9411764705882353 0.8
127.9820895154302 10.66517412628585 0.9230769230769231 0.8
106.65174126285851 42.6606965051434 0.7142857142857143 0.8
101.31915419971558 10.66517412628585 0.9047619047619048 0.8
11.24364678774899 73.08370412036842 0.13333333333333336 0.2
16.865470181623483 61.84005733261944 0.2142857142857143 0.2
39.35276375712146 134.92376145298786 0.22580645161290322 0.2
56.218233938744945 78.70552751424292 0.4166666666666667 0.2
39.35276375712146 89.94917430199192 0.3043478260869565 0.2
33.730940363246965 84.32735090811741 0.28571428571428575 0.2
56.218233938744945 84.32735090811741 0.39999999999999997 0.2
67.46188072649393 118.05829127136438 0.36363636363636365 0.2
28.109116969372472 106.8146444836154 0.20833333333333334 0.2
44.97458715099596 112.43646787748989 0.2857142857142857 0.2
44.97458715099596 67.46188072649393 0.4 0.2
73.98133411229396 26.421905040104985 0.7368421052631579 0.9
95.11885814437795 36.99066705614698 0.7200000000000001 0.9
89.83447713635695 26.421905040104985 0.7727272727272727 0.9
110.97200116844094 31.706286048125982 0.7777777777777778 0.9
84.55009612833595 10.568762016041994 0.8888888888888888 0.9
33.44170403251538 50.16255604877307 0.39999999999999997 0.3
39.015321371267945 61.3097907262782 0.3888888888888889 0.3
72.45702540378333 111.47234677505128 0.3939393939393939 0.3
22.294469355010254 94.75149475879358 0.19047619047619047 0.3
33.44170403251538 78.03064274253589 0.3 0.3
55.73617338752564 89.17787742004101 0.3846153846153847 0.3
22.294469355010254 61.3097907262782 0.26666666666666666 0.3
50.16255604877307 78.03064274253589 0.391304347826087 0.3
39.015321371267945 100.32511209754614 0.28 0.3
50.16255604877307 83.60426008128846 0.375 0.3
55.73617338752564 72.45702540378333 0.4347826086956521 0.3
60.2492575135958 82.15807842763064 0.423076923076923 0.5
60.2492575135958 32.86323137105226 0.6470588235294118 0.5
71.20366797061322 49.294847056578384 0.5909090909090909 0.5
49.294847056578384 60.2492575135958 0.45 0.5
98.58969411315677 93.11248888464806 0.5142857142857143 0.5
87.63528365613935 71.20366797061322 0.5517241379310345 0.5
60.2492575135958 43.817641828069675 0.5789473684210527 0.5
43.817641828069675 49.294847056578384 0.47058823529411764 0.5
98.58969411315677 76.68087319912193 0.5625 0.5
87.63528365613935 76.68087319912193 0.5333333333333333 0.5
65.72646274210452 71.20366797061322 0.4799999999999999 0.5
54.77205228508709 43.817641828069675 0.5555555555555556 0.5
16.43161568552613 93.11248888464806 0.15000000000000002 0.5
60.2492575135958 93.11248888464806 0.39285714285714285 0.5
54.77205228508709 54.77205228508709 0.5 0.5
153.2470492326089 26.421905040104985 0.8529411764705883 0.9
58.12819108823097 10.568762016041994 0.8461538461538461 0.9
142.67828721656693 31.706286048125982 0.8181818181818182 0.9
126.82514419250393 15.853143024062991 0.8888888888888888 0.9
95.11885814437795 10.568762016041994 0.8999999999999999 0.9
116.25638217646194 26.421905040104985 0.8148148148148148 0.9
142.67828721656693 21.137524032083988 0.870967741935484 0.9
84.55009612833595 26.421905040104985 0.7619047619047619 0.9
27.86808669376282 72.45702540378333 0.2777777777777778 0.3
78.03064274253589 78.03064274253589 0.5 0.3
33.44170403251538 94.75149475879358 0.2608695652173913 0.3
61.3097907262782 111.47234677505128 0.3548387096774193 0.3
95.11885814437795 26.421905040104985 0.782608695652174 0.9
163.8158112486509 15.853143024062991 0.9117647058823529 0.9
68.69695310427296 15.853143024062991 0.8125 0.9
93.11248888464806 65.72646274210452 0.5862068965517241 0.5
87.63528365613935 71.20366797061322 0.5517241379310345 0.5
82.15807842763064 43.817641828069675 0.6521739130434783 0.5
65.72646274210452 104.06689934166548 0.38709677419354843 0.5
27.86808669376282 83.60426008128846 0.25 0.3
22.294469355010254 100.32511209754614 0.18181818181818182 0.3
22.294469355010254 83.60426008128846 0.21052631578947367 0.3
55.73617338752564 94.75149475879358 0.3703703703703704 0.3
55.73617338752564 89.17787742004101 0.3846153846153847 0.3
49.294847056578384 54.77205228508709 0.4736842105263158 0.5
104.06689934166548 71.20366797061322 0.59375 0.5
49.294847056578384 98.58969411315677 0.33333333333333337 0.5
49.294847056578384 71.20366797061322 0.40909090909090906 0.5
71.20366797061322 93.11248888464806 0.43333333333333335 0.5
82.15807842763064 38.34043659956097 0.6818181818181818 0.5
60.2492575135958 65.72646274210452 0.4782608695652174 0.5
87.63528365613935 76.68087319912193 0.5333333333333333 0.5
115.02130979868289 82.15807842763064 0.5833333333333334 0.5
65.72646274210452 27.386026142543546 0.7058823529411765 0.5
60.2492575135958 43.817641828069675 0.5789473684210527 0.5
147.96266822458793 5.284381008020997 0.9655172413793103 0.9
110.97200116844094 10.568762016041994 0.9130434782608696 0.9
121.54076318448293 15.853143024062991 0.8846153846153846 0.9
84.55009612833595 5.284381008020997 0.9411764705882353 0.9
110.97200116844094 15.853143024062991 0.875 0.9
79.26571512031495 21.137524032083988 0.7894736842105263 0.9
116.25638217646194 5.284381008020997 0.9565217391304348 0.9
116.25638217646194 5.284381008020997 0.9565217391304348 0.9
76.68087319912193 60.2492575135958 0.56 0.5
82.15807842763064 43.817641828069675 0.6521739130434783 0.5
65.72646274210452 43.817641828069675 0.6 0.5
43.817641828069675 71.20366797061322 0.380952380952381 0.5
43.817641828069675 71.20366797061322 0.380952380952381 0.5
82.15807842763064 32.86323137105226 0.7142857142857143 0.5
43.817641828069675 54.77205228508709 0.4444444444444445 0.5
82.15807842763064 120.4985150271916 0.4054054054054054 0.5
60.2492575135958 43.817641828069675 0.5789473684210527 0.5
60.2492575135958 38.34043659956097 0.611111111111111 0.5
71.20366797061322 76.68087319912193 0.4814814814814815 0.5
109.54410457017418 38.34043659956097 0.7407407407407408 0.5
71.20366797061322 60.2492575135958 0.5416666666666666 0.5
44.58893871002051 144.91405080756667 0.23529411764705882 0.3
87.63528365613935 109.54410457017418 0.4444444444444445 0.5
65.72646274210452 54.77205228508709 0.5454545454545454 0.5
71.20366797061322 43.817641828069675 0.6190476190476191 0.5
65.72646274210452 76.68087319912193 0.46153846153846156 0.5
54.77205228508709 60.2492575135958 0.4761904761904762 0.5
54.77205228508709 71.20366797061322 0.43478260869565216 0.5
98.58969411315677 60.2492575135958 0.6206896551724138 0.5
87.63528365613935 38.34043659956097 0.6956521739130435 0.5
49.294847056578384 38.34043659956097 0.5625 0.5
54.77205228508709 82.15807842763064 0.4 0.5
38.34043659956097 87.63528365613935 0.30434782608695654 0.5
82.15807842763064 38.34043659956097 0.6818181818181818 0.5
49.294847056578384 104.06689934166548 0.3214285714285714 0.5
110.97200116844094 15.853143024062991 0.875 0.9
147.96266822458793 15.853143024062991 0.9032258064516129 0.9
55.73617338752564 89.17787742004101 0.3846153846153847 0.3
27.86808669376282 111.47234677505128 0.2 0.3
33.44170403251538 100.32511209754614 0.25 0.3
39.015321371267945 133.76681613006153 0.2258064516129032 0.3
142.67828721656693 10.568762016041994 0.9310344827586207 0.9
33.44170403251538 78.03064274253589 0.3 0.3
50.16255604877307 66.88340806503076 0.42857142857142855 0.3
72.45702540378333 83.60426008128846 0.46428571428571436 0.3
27.86808669376282 100.32511209754614 0.2173913043478261 0.3
39.015321371267945 111.47234677505128 0.25925925925925924 0.3
50.16255604877307 89.17787742004101 0.36000000000000004 0.3
22.294469355010254 105.89872943629871 0.17391304347826086 0.3
44.58893871002051 78.03064274253589 0.36363636363636365 0.3
66.88340806503076 72.45702540378333 0.48 0.3
39.015321371267945 72.45702540378333 0.35 0.3
116.25638217646194 26.421905040104985 0.8148148148148148 0.9
95.11885814437795 15.853143024062991 0.8571428571428572 0.9
76.68087319912193 71.20366797061322 0.5185185185185186 0.5
27.86808669376282 94.75149475879358 0.22727272727272727 0.3
39.015321371267945 39.015321371267945 0.5 0.3
44.58893871002051 83.60426008128846 0.34782608695652173 0.3
50.16255604877307 72.45702540378333 0.40909090909090906 0.3
66.88340806503076 89.17787742004101 0.4285714285714286 0.3
126.82514419250393 10.568762016041994 0.923076923076923 0.9
105.68762016041994 5.284381008020997 0.9523809523809523 0.9
73.98133411229396 10.568762016041994 0.8750000000000001 0.9
132.10952520052493 26.421905040104985 0.8333333333333334 0.9
63.412572096251964 21.137524032083988 0.75 0.9
110.97200116844094 21.137524032083988 0.84 0.9
105.68762016041994 15.853143024062991 0.8695652173913043 0.9
89.83447713635695 10.568762016041994 0.894736842105263 0.9
116.25638217646194 15.853143024062991 0.88 0.9
105.68762016041994 15.853143024062991 0.8695652173913043 0.9
73.98133411229396 21.137524032083988 0.7777777777777778 0.9
79.26571512031495 10.568762016041994 0.8823529411764706 0.9
89.83447713635695 0.0 1.0 0.9
126.82514419250393 21.137524032083988 0.8571428571428572 0.9
105.68762016041994 21.137524032083988 0.8333333333333334 0.9
142.67828721656693 15.853143024062991 0.8999999999999999 0.9
63.412572096251964 26.421905040104985 0.7058823529411764 0.9
153.2470492326089 21.137524032083988 0.8787878787878787 0.9
110.97200116844094 15.853143024062991 0.875 0.9
100.40323915239894 36.99066705614698 0.7307692307692307 0.9
100.40323915239894 5.284381008020997 0.95 0.9
110.97200116844094 10.568762016041994 0.9130434782608696 0.9
163.8158112486509 0.0 1.0 0.9
84.55009612833595 10.568762016041994 0.8888888888888888 0.9
116.25638217646194 15.853143024062991 0.88 0.9
137.39390620854593 21.137524032083988 0.8666666666666667 0.9
78.03064274253589 50.16255604877307 0.6086956521739131 0.3
22.294469355010254 105.89872943629871 0.17391304347826086 0.3
39.015321371267945 117.04596411380383 0.25 0.3
44.58893871002051 105.89872943629871 0.2962962962962963 0.3
39.015321371267945 100.32511209754614 0.28 0.3
16.72085201625769 94.75149475879358 0.15 0.3
44.58893871002051 122.6195814525564 0.26666666666666666 0.3
39.015321371267945 111.47234677505128 0.25925925925925924 0.3
44.58893871002051 61.3097907262782 0.42105263157894735 0.3
55.73617338752564 94.75149475879358 0.3703703703703704 0.3
44.58893871002051 144.91405080756667 0.23529411764705882 0.3
89.17787742004101 72.45702540378333 0.5517241379310345 0.3
61.3097907262782 83.60426008128846 0.4230769230769231 0.3
27.86808669376282 55.73617338752564 0.3333333333333333 0.3
60.2492575135958 54.77205228508709 0.5238095238095238 0.5
76.68087319912193 60.2492575135958 0.56 0.5
43.817641828069675 65.72646274210452 0.39999999999999997 0.5
71.20366797061322 65.72646274210452 0.5199999999999999 0.5
93.11248888464806 60.2492575135958 0.6071428571428571 0.5
98.58969411315677 49.294847056578384 0.6666666666666667 0.5
60.2492575135958 54.77205228508709 0.5238095238095238 0.5
32.86323137105226 104.06689934166548 0.24000000000000002 0.5
49.294847056578384 71.20366797061322 0.40909090909090906 0.5
43.817641828069675 60.2492575135958 0.4210526315789474 0.5
50.16255604877307 72.45702540378333 0.40909090909090906 0.3
66.88340806503076 72.45702540378333 0.48 0.3
55.73617338752564 117.04596411380383 0.3225806451612903 0.3
27.86808669376282 100.32511209754614 0.2173913043478261 0.3
33.44170403251538 105.89872943629871 0.24 0.3
61.3097907262782 72.45702540378333 0.4583333333333333 0.3
39.015321371267945 100.32511209754614 0.28 0.3
33.44170403251538 83.60426008128846 0.2857142857142857 0.3
39.015321371267945 89.17787742004101 0.30434782608695654 0.3
142.67828721656693 15.853143024062991 0.8999999999999999 0.9
116.25638217646194 21.137524032083988 0.8461538461538461 0.9
44.58893871002051 61.3097907262782 0.42105263157894735 0.3
55.73617338752564 72.45702540378333 0.4347826086956521 0.3
39.015321371267945 66.88340806503076 0.3684210526315789 0.3
44.58893871002051 39.015321371267945 0.5333333333333333 0.3
61.3097907262782 66.88340806503076 0.4782608695652174 0.3
44.58893871002051 105.89872943629871 0.2962962962962963 0.3
93.11248888464806 98.58969411315677 0.48571428571428577 0.5
49.294847056578384 54.77205228508709 0.4736842105263158 0.5
76.68087319912193 104.06689934166548 0.4242424242424242 0.5
32.86323137105226 65.72646274210452 0.3333333333333333 0.5
76.68087319912193 38.34043659956097 0.6666666666666667 0.5
87.63528365613935 65.72646274210452 0.5714285714285714 0.5
43.817641828069675 65.72646274210452 0.39999999999999997 0.5
54.77205228508709 60.2492575135958 0.4761904761904762 0.5
87.63528365613935 49.294847056578384 0.64 0.5
65.72646274210452 54.77205228508709 0.5454545454545454 0.5
76.68087319912193 60.2492575135958 0.56 0.5
65.72646274210452 82.15807842763064 0.4444444444444445 0.5
76.68087319912193 49.294847056578384 0.6086956521739131 0.5
43.817641828069675 109.54410457017418 0.2857142857142857 0.5
76.68087319912193 43.817641828069675 0.6363636363636364 0.5
43.817641828069675 65.72646274210452 0.39999999999999997 0.5
54.77205228508709 109.54410457017418 0.3333333333333333 0.5
49.294847056578384 76.68087319912193 0.391304347826087 0.5
49.294847056578384 82.15807842763064 0.375 0.5
71.20366797061322 54.77205228508709 0.5652173913043479 0.5
82.15807842763064 109.54410457017418 0.4285714285714286 0.5
104.06689934166548 38.34043659956097 0.7307692307692307 0.5
71.20366797061322 49.294847056578384 0.5909090909090909 0.5
60.2492575135958 38.34043659956097 0.611111111111111 0.5
121.54076318448293 0.0 1.0 0.9
132.10952520052493 5.284381008020997 0.9615384615384616 0.9
100.40323915239894 31.706286048125982 0.7599999999999999 0.9
100.40323915239894 10.568762016041994 0.9047619047619048 0.9
66.88340806503076 78.03064274253589 0.46153846153846156 0.3
44.58893871002051 66.88340806503076 0.39999999999999997 0.3
