46.60009860090556 69.90014790135835 0.39999999999999997 0.4
36.6143631864258 66.5715694298651 0.3548387096774193 0.4
43.27152012941231 59.91441248687858 0.4193548387096774 0.4
26.628627771946036 66.5715694298651 0.2857142857142857 0.4
53.25725554389207 53.25725554389207 0.5 0.4
16.92650477564153 74.47662101282273 0.18518518518518517 0.2
16.92650477564153 94.78842674359257 0.15151515151515152 0.2
23.69710668589814 57.5501162371812 0.2916666666666667 0.2
37.238310506411366 88.01782483333595 0.2972972972972973 0.2
20.311805730769834 64.32071814743782 0.23999999999999996 0.2
37.238310506411366 104.94432960897748 0.2619047619047619 0.2
47.39421337179628 57.5501162371812 0.45161290322580644 0.2
40.62361146153967 67.70601910256612 0.375 0.2
27.082407641026446 81.24722292307933 0.25 0.2
13.541203820513223 64.32071814743782 0.17391304347826086 0.2
30.467708596154754 81.24722292307933 0.27272727272727276 0.2
13.541203820513223 115.1002324743624 0.10526315789473684 0.2
13.541203820513223 98.17372769872087 0.12121212121212122 0.2
16.92650477564153 64.32071814743782 0.20833333333333331 0.2
40.62361146153967 101.55902865384917 0.2857142857142857 0.2
33.85300955128306 88.01782483333595 0.2777777777777778 0.2
27.082407641026446 60.93541719230951 0.3076923076923077 0.2
13.541203820513223 50.779514326924584 0.2105263157894737 0.2
33.85300955128306 94.78842674359257 0.2631578947368421 0.2
37.238310506411366 84.63252387820765 0.3055555555555556 0.2
27.082407641026446 67.70601910256612 0.2857142857142857 0.2
50.779514326924584 74.47662101282273 0.4054054054054054 0.2
33.85300955128306 88.01782483333595 0.2777777777777778 0.2
33.85300955128306 91.40312578846425 0.2702702702702703 0.2
23.69710668589814 74.47662101282273 0.24137931034482757 0.2
23.69710668589814 64.32071814743782 0.2692307692307692 0.2
20.311805730769834 50.779514326924584 0.2857142857142857 0.2
20.311805730769834 71.09132005769442 0.2222222222222222 0.2
33.85300955128306 74.47662101282273 0.31249999999999994 0.2
36.6143631864258 46.60009860090556 0.44 0.4
46.60009860090556 79.88588331583811 0.3684210526315789 0.4
63.242990958371834 66.5715694298651 0.4871794871794871 0.4
76.55730484434486 53.25725554389207 0.5897435897435896 0.4
53.25725554389207 49.92867707239882 0.5161290322580645 0.4
73.2287263728516 36.6143631864258 0.6666666666666667 0.4
29.95720624343929 73.2287263728516 0.2903225806451613 0.4
36.6143631864258 56.58583401538533 0.3928571428571428 0.4
26.628627771946036 29.95720624343929 0.4705882352941176 0.4
63.242990958371834 46.60009860090556 0.5757575757575758 0.4
56.58583401538533 79.88588331583811 0.41463414634146345 0.4
36.6143631864258 99.85735414479764 0.2682926829268293 0.4
43.27152012941231 73.2287263728516 0.37142857142857144 0.4
32.718559878582035 19.63113592714922 0.625 0.6
58.89340778144766 45.805983830014846 0.5625 0.6
94.8838236478879 42.53412784215664 0.6904761904761905 0.6
29.95720624343929 56.58583401538533 0.34615384615384615 0.4
46.60009860090556 53.25725554389207 0.4666666666666667 0.4
36.6143631864258 36.6143631864258 0.5 0.4
47.39421337179628 81.24722292307933 0.3684210526315789 0.2
16.92650477564153 74.47662101282273 0.18518518518518517 0.2
33.85300955128306 67.70601910256612 0.33333333333333337 0.2
40.62361146153967 67.70601910256612 0.375 0.2
23.69710668589814 50.779514326924584 0.3181818181818182 0.2
27.082407641026446 54.16481528205289 0.33333333333333337 0.2
27.082407641026446 64.32071814743782 0.2962962962962963 0.2
23.69710668589814 54.16481528205289 0.30434782608695654 0.2
33.85300955128306 94.78842674359257 0.2631578947368421 0.2
20.311805730769834 71.09132005769442 0.2222222222222222 0.2
30.467708596154754 77.86192196795103 0.28125 0.2
13.541203820513223 94.78842674359257 0.125 0.2
20.311805730769834 54.16481528205289 0.2727272727272727 0.2
20.311805730769834 77.86192196795103 0.20689655172413793 0.2
37.238310506411366 71.09132005769442 0.34375000000000006 0.2
23.69710668589814 60.93541719230951 0.27999999999999997 0.2
30.467708596154754 88.01782483333595 0.2571428571428572 0.2
30.467708596154754 74.47662101282273 0.2903225806451613 0.2
33.85300955128306 71.09132005769442 0.3225806451612903 0.2
44.008912416667975 64.32071814743782 0.40624999999999994 0.2
86.80860461402507 25.72106803378521 0.7714285714285714 0.8
70.73293709290932 22.505934529562058 0.7586206896551725 0.8
83.59347110980192 48.22700256334726 0.6341463414634146 0.8
54.65726957179357 22.505934529562058 0.7083333333333333 0.8
96.45400512669453 22.505934529562058 0.8108108108108109 0.8
109.31453914358714 38.58160205067781 0.7391304347826088 0.8
37.238310506411366 60.93541719230951 0.3793103448275862 0.2
47.39421337179628 57.5501162371812 0.45161290322580644 0.2
13.541203820513223 88.01782483333595 0.13333333333333333 0.2
44.008912416667975 67.70601910256612 0.393939393939394 0.2
33.85300955128306 104.94432960897748 0.24390243902439024 0.2
23.69710668589814 81.24722292307933 0.22580645161290322 0.2
27.082407641026446 84.63252387820765 0.2424242424242424 0.2
16.92650477564153 101.55902865384917 0.14285714285714285 0.2
37.238310506411366 71.09132005769442 0.34375000000000006 0.2
13.541203820513223 54.16481528205289 0.19999999999999998 0.2
47.39421337179628 101.55902865384917 0.3181818181818182 0.2
30.467708596154754 71.09132005769442 0.30000000000000004 0.2
30.467708596154754 91.40312578846425 0.25000000000000006 0.2
27.082407641026446 84.63252387820765 0.2424242424242424 0.2
23.69710668589814 57.5501162371812 0.2916666666666667 0.2
27.082407641026446 111.71493151923409 0.19512195121951223 0.2
33.85300955128306 71.09132005769442 0.3225806451612903 0.2
36.6143631864258 53.25725554389207 0.40740740740740744 0.4
39.94294165791906 36.6143631864258 0.5217391304347826 0.4
43.27152012941231 69.90014790135835 0.38235294117647056 0.4
53.25725554389207 53.25725554389207 0.5 0.4
46.60009860090556 66.5715694298651 0.41176470588235287 0.4
39.94294165791906 63.242990958371834 0.3870967741935484 0.4
53.25725554389207 56.58583401538533 0.4848484848484848 0.4
56.58583401538533 66.5715694298651 0.4594594594594595 0.4
58.89340778144766 39.26227185429844 0.6 0.6
46.60009860090556 49.92867707239882 0.48275862068965514 0.4
36.6143631864258 46.60009860090556 0.44 0.4
56.58583401538533 73.2287263728516 0.43589743589743585 0.4
42.53412784215664 45.805983830014846 0.4814814814814815 0.6
29.95720624343929 59.91441248687858 0.3333333333333333 0.4
52.34969580573125 58.89340778144766 0.47058823529411764 0.6
55.621551793589454 26.174847902865626 0.6799999999999999 0.6
46.60009860090556 73.2287263728516 0.3888888888888889 0.4
29.95720624343929 43.27152012941231 0.4090909090909091 0.4
49.92867707239882 69.90014790135835 0.41666666666666663 0.4
42.53412784215664 45.805983830014846 0.4814814814814815 0.6
55.621551793589454 9.81556796357461 0.85 0.6
93.23887162247138 28.93620153800836 0.763157894736842 0.8
80.37833760557878 12.860534016892604 0.8620689655172414 0.8
96.45400512669453 12.860534016892604 0.8823529411764706 0.8
73.94807059713247 25.72106803378521 0.7419354838709677 0.8
106.09940563936398 22.505934529562058 0.825 0.8
65.43711975716407 39.26227185429844 0.625 0.6
98.1556796357461 35.99041586644024 0.7317073170731707 0.6
81.79639969645508 52.34969580573125 0.6097560975609756 0.6
71.98083173288047 45.805983830014846 0.611111111111111 0.6
62.16526376930586 26.174847902865626 0.7037037037037037 0.6
45.805983830014846 29.44670389072383 0.608695652173913 0.6
65.43711975716407 45.805983830014846 0.5882352941176471 0.6
55.621551793589454 35.99041586644024 0.6071428571428571 0.6
55.621551793589454 39.26227185429844 0.5862068965517241 0.6
52.34969580573125 35.99041586644024 0.5925925925925926 0.6
78.52454370859688 22.902991915007423 0.7741935483870968 0.6
58.89340778144766 42.53412784215664 0.5806451612903226 0.6
58.89340778144766 39.26227185429844 0.6 0.6
52.34969580573125 58.89340778144766 0.47058823529411764 0.6
68.70897574502227 49.07783981787305 0.5833333333333333 0.6
42.53412784215664 52.34969580573125 0.4482758620689655 0.6
61.08753658023987 19.290801025338904 0.76 0.8
70.73293709290932 3.215133504223151 0.9565217391304348 0.8
90.02373811824823 12.860534016892604 0.875 0.8
67.51780358868618 12.860534016892604 0.8400000000000001 0.8
83.59347110980192 32.15133504223151 0.7222222222222222 0.8
80.37833760557878 38.58160205067781 0.6756756756756758 0.8
80.37833760557878 12.860534016892604 0.8620689655172414 0.8
77.16320410135562 12.860534016892604 0.8571428571428572 0.8
64.30267008446302 25.72106803378521 0.7142857142857143 0.8
73.94807059713247 32.15133504223151 0.696969696969697 0.8
54.65726957179357 22.505934529562058 0.7083333333333333 0.8
57.87240307601672 9.645400512669452 0.8571428571428572 0.8
73.94807059713247 25.72106803378521 0.7419354838709677 0.8
90.02373811824823 38.58160205067781 0.7000000000000001 0.8
99.66913863091769 22.505934529562058 0.8157894736842105 0.8
54.65726957179357 9.645400512669452 0.8500000000000001 0.8
102.88427213514083 25.72106803378521 0.8 0.8
41.79673555490096 25.72106803378521 0.619047619047619 0.8
77.16320410135562 22.505934529562058 0.7741935483870968 0.8
60.93541719230951 74.47662101282273 0.45 0.2
27.082407641026446 60.93541719230951 0.3076923076923077 0.2
23.69710668589814 64.32071814743782 0.2692307692307692 0.2
13.541203820513223 77.86192196795103 0.14814814814814817 0.2
37.238310506411366 67.70601910256612 0.3548387096774194 0.2
30.467708596154754 121.87083438461902 0.19999999999999998 0.2
44.008912416667975 44.008912416667975 0.5 0.2
40.62361146153967 64.32071814743782 0.3870967741935484 0.2
27.082407641026446 60.93541719230951 0.3076923076923077 0.2
51.44213606757042 12.860534016892604 0.8 0.8
64.30267008446302 19.290801025338904 0.7692307692307692 0.8
48.22700256334726 12.860534016892604 0.7894736842105262 0.8
61.08753658023987 25.72106803378521 0.7037037037037036 0.8
64.30267008446302 22.505934529562058 0.7407407407407407 0.8
67.51780358868618 28.93620153800836 0.7 0.8
77.16320410135562 22.505934529562058 0.7741935483870968 0.8
70.73293709290932 19.290801025338904 0.7857142857142857 0.8
73.94807059713247 28.93620153800836 0.71875 0.8
80.37833760557878 32.15133504223151 0.7142857142857143 0.8
54.65726957179357 19.290801025338904 0.7391304347826088 0.8
77.16320410135562 25.72106803378521 0.7499999999999999 0.8
57.87240307601672 12.860534016892604 0.8181818181818181 0.8
64.30267008446302 32.15133504223151 0.6666666666666666 0.8
27.082407641026446 74.47662101282273 0.26666666666666666 0.2
23.69710668589814 91.40312578846425 0.20588235294117646 0.2
16.92650477564153 81.24722292307933 0.1724137931034483 0.2
27.082407641026446 98.17372769872087 0.2162162162162162 0.2
47.39421337179628 67.70601910256612 0.4117647058823529 0.2
50.779514326924584 64.32071814743782 0.4411764705882353 0.2
30.467708596154754 74.47662101282273 0.2903225806451613 0.2
40.62361146153967 81.24722292307933 0.3333333333333333 0.2
33.85300955128306 64.32071814743782 0.3448275862068965 0.2
20.311805730769834 64.32071814743782 0.23999999999999996 0.2
23.69710668589814 91.40312578846425 0.20588235294117646 0.2
27.082407641026446 77.86192196795103 0.25806451612903225 0.2
20.311805730769834 71.09132005769442 0.2222222222222222 0.2
73.2287263728516 36.6143631864258 0.6666666666666667 0.4
39.94294165791906 73.2287263728516 0.35294117647058826 0.4
49.92867707239882 86.54304025882462 0.3658536585365854 0.4
56.58583401538533 33.28578471493255 0.6296296296296297 0.4
43.27152012941231 56.58583401538533 0.4333333333333333 0.4
43.27152012941231 33.28578471493255 0.5652173913043478 0.4
46.60009860090556 69.90014790135835 0.39999999999999997 0.4
29.95720624343929 36.6143631864258 0.45 0.4
50.779514326924584 50.779514326924584 0.5 0.2
23.69710668589814 94.78842674359257 0.19999999999999998 0.2
30.467708596154754 44.008912416667975 0.40909090909090906 0.2
30.467708596154754 57.5501162371812 0.3461538461538462 0.2
20.311805730769834 67.70601910256612 0.23076923076923075 0.2
30.467708596154754 84.63252387820765 0.2647058823529412 0.2
30.467708596154754 98.17372769872087 0.23684210526315788 0.2
44.008912416667975 60.93541719230951 0.4193548387096774 0.2
27.082407641026446 64.32071814743782 0.2962962962962963 0.2
59.91441248687858 76.55730484434486 0.43902439024390244 0.4
29.95720624343929 76.55730484434486 0.28125 0.4
56.58583401538533 53.25725554389207 0.5151515151515151 0.4
43.27152012941231 73.2287263728516 0.37142857142857144 0.4
81.79639969645508 58.89340778144766 0.5813953488372093 0.6
52.34969580573125 39.26227185429844 0.5714285714285714 0.6
49.92867707239882 69.90014790135835 0.41666666666666663 0.4
32.718559878582035 35.99041586644024 0.4761904761904762 0.6
45.805983830014846 35.99041586644024 0.5599999999999999 0.6
102.88427213514083 16.075667521115754 0.8648648648648649 0.8
64.30267008446302 28.93620153800836 0.689655172413793 0.8
83.59347110980192 16.075667521115754 0.8387096774193549 0.8
27.082407641026446 101.55902865384917 0.2105263157894737 0.2
20.311805730769834 64.32071814743782 0.23999999999999996 0.2
23.69710668589814 98.17372769872087 0.19444444444444448 0.2
77.16320410135562 19.290801025338904 0.7999999999999999 0.8
102.88427213514083 22.505934529562058 0.8205128205128205 0.8
77.16320410135562 22.505934529562058 0.7741935483870968 0.8
64.30267008446302 16.075667521115754 0.8 0.8
83.59347110980192 19.290801025338904 0.8125 0.8
57.87240307601672 32.15133504223151 0.6428571428571429 0.8
67.51780358868618 22.505934529562058 0.75 0.8
80.37833760557878 22.505934529562058 0.78125 0.8
61.08753658023987 22.505934529562058 0.7307692307692308 0.8
93.23887162247138 25.72106803378521 0.7837837837837839 0.8
61.08753658023987 38.58160205067781 0.6129032258064517 0.8
77.16320410135562 25.72106803378521 0.7499999999999999 0.8
90.02373811824823 22.505934529562058 0.8 0.8
80.37833760557878 28.93620153800836 0.7352941176470588 0.8
64.30267008446302 32.15133504223151 0.6666666666666666 0.8
93.23887162247138 28.93620153800836 0.763157894736842 0.8
61.08753658023987 22.505934529562058 0.7307692307692308 0.8
77.16320410135562 25.72106803378521 0.7499999999999999 0.8
64.30267008446302 19.290801025338904 0.7692307692307692 0.8
70.73293709290932 19.290801025338904 0.7857142857142857 0.8
67.51780358868618 16.075667521115754 0.8076923076923078 0.8
93.23887162247138 9.645400512669452 0.90625 0.8
70.73293709290932 35.36646854645466 0.6666666666666666 0.8
86.80860461402507 19.290801025338904 0.8181818181818181 0.8
93.23887162247138 22.505934529562058 0.8055555555555556 0.8
70.73293709290932 19.290801025338904 0.7857142857142857 0.8
86.80860461402507 16.075667521115754 0.8437499999999999 0.8
80.37833760557878 6.430267008446302 0.9259259259259258 0.8
80.37833760557878 16.075667521115754 0.8333333333333333 0.8
80.37833760557878 28.93620153800836 0.7352941176470588 0.8
70.73293709290932 32.15133504223151 0.6875 0.8
93.23887162247138 32.15133504223151 0.7435897435897436 0.8
73.94807059713247 6.430267008446302 0.9199999999999999 0.8
80.37833760557878 28.93620153800836 0.7352941176470588 0.8
73.94807059713247 22.505934529562058 0.7666666666666667 0.8
48.22700256334726 0.0 1.0 0.8
102.88427213514083 9.645400512669452 0.9142857142857143 0.8
77.16320410135562 25.72106803378521 0.7499999999999999 0.8
96.45400512669453 25.72106803378521 0.7894736842105262 0.8
83.59347110980192 16.075667521115754 0.8387096774193549 0.8
80.37833760557878 28.93620153800836 0.7352941176470588 0.8
64.30267008446302 22.505934529562058 0.7407407407407407 0.8
86.80860461402507 6.430267008446302 0.9310344827586207 0.8
70.73293709290932 22.505934529562058 0.7586206896551725 0.8
86.80860461402507 19.290801025338904 0.8181818181818181 0.8
42.53412784215664 49.07783981787305 0.4642857142857143 0.6
71.98083173288047 32.718559878582035 0.6875 0.6
23.30004930045278 46.60009860090556 0.33333333333333337 0.4
53.25725554389207 36.6143631864258 0.5925925925925927 0.4
29.95720624343929 33.28578471493255 0.4736842105263158 0.4
26.628627771946036 29.95720624343929 0.4705882352941176 0.4
33.28578471493255 69.90014790135835 0.3225806451612903 0.4
36.6143631864258 56.58583401538533 0.3928571428571428 0.4
42.53412784215664 52.34969580573125 0.4482758620689655 0.6
62.16526376930586 35.99041586644024 0.6333333333333333 0.6
68.70897574502227 26.174847902865626 0.7241379310344828 0.6
58.89340778144766 39.26227185429844 0.6 0.6
81.79639969645508 26.174847902865626 0.7575757575757576 0.6
78.52454370859688 49.07783981787305 0.6153846153846153 0.6
85.06825568431329 62.16526376930586 0.5777777777777777 0.6
52.34969580573125 35.99041586644024 0.5925925925925926 0.6
52.34969580573125 35.99041586644024 0.5925925925925926 0.6
55.621551793589454 29.44670389072383 0.6538461538461539 0.6
49.92867707239882 53.25725554389207 0.48387096774193544 0.4
65.43711975716407 32.718559878582035 0.6666666666666666 0.6
52.34969580573125 42.53412784215664 0.5517241379310345 0.6
45.805983830014846 45.805983830014846 0.5 0.6
42.53412784215664 39.26227185429844 0.52 0.6
45.805983830014846 49.07783981787305 0.4827586206896552 0.6
52.34969580573125 45.805983830014846 0.5333333333333333 0.6
81.79639969645508 55.621551793589454 0.5952380952380952 0.6
99.66913863091769 41.79673555490096 0.7045454545454546 0.8
67.51780358868618 32.15133504223151 0.6774193548387097 0.8
33.85300955128306 64.32071814743782 0.3448275862068965 0.2
16.92650477564153 104.94432960897748 0.1388888888888889 0.2
13.541203820513223 94.78842674359257 0.125 0.2
30.467708596154754 57.5501162371812 0.3461538461538462 0.2
27.082407641026446 91.40312578846425 0.22857142857142856 0.2
40.62361146153967 77.86192196795103 0.34285714285714286 0.2
10.155902865384917 88.01782483333595 0.10344827586206896 0.2
30.467708596154754 94.78842674359257 0.24324324324324326 0.2
44.008912416667975 60.93541719230951 0.4193548387096774 0.2
33.85300955128306 71.09132005769442 0.3225806451612903 0.2
20.311805730769834 77.86192196795103 0.20689655172413793 0.2
33.85300955128306 94.78842674359257 0.2631578947368421 0.2
23.69710668589814 81.24722292307933 0.22580645161290322 0.2
16.92650477564153 94.78842674359257 0.15151515151515152 0.2
16.92650477564153 77.86192196795103 0.17857142857142858 0.2
30.467708596154754 71.09132005769442 0.30000000000000004 0.2
16.92650477564153 74.47662101282273 0.18518518518518517 0.2
44.008912416667975 84.63252387820765 0.3421052631578947 0.2
23.69710668589814 88.01782483333595 0.21212121212121215 0.2
30.467708596154754 81.24722292307933 0.27272727272727276 0.2
33.85300955128306 71.09132005769442 0.3225806451612903 0.2
33.85300955128306 64.32071814743782 0.3448275862068965 0.2
23.69710668589814 81.24722292307933 0.22580645161290322 0.2
47.39421337179628 91.40312578846425 0.3414634146341463 0.2
40.62361146153967 81.24722292307933 0.3333333333333333 0.2
27.082407641026446 74.47662101282273 0.26666666666666666 0.2
30.467708596154754 88.01782483333595 0.2571428571428572 0.2
16.92650477564153 74.47662101282273 0.18518518518518517 0.2
20.311805730769834 50.779514326924584 0.2857142857142857 0.2
37.238310506411366 71.09132005769442 0.34375000000000006 0.2
30.467708596154754 94.78842674359257 0.24324324324324326 0.2
16.92650477564153 60.93541719230951 0.21739130434782608 0.2
33.85300955128306 94.78842674359257 0.2631578947368421 0.2
27.082407641026446 94.78842674359257 0.2222222222222222 0.2
30.467708596154754 74.47662101282273 0.2903225806451613 0.2
23.69710668589814 77.86192196795103 0.23333333333333336 0.2
20.311805730769834 64.32071814743782 0.23999999999999996 0.2
33.85300955128306 44.008912416667975 0.43478260869565216 0.2
46.60009860090556 76.55730484434486 0.37837837837837834 0.4
49.92867707239882 36.6143631864258 0.576923076923077 0.4
65.43711975716407 32.718559878582035 0.6666666666666666 0.6
85.06825568431329 26.174847902865626 0.7647058823529412 0.6
52.34969580573125 32.718559878582035 0.6153846153846154 0.6
55.621551793589454 32.718559878582035 0.6296296296296297 0.6
58.89340778144766 35.99041586644024 0.6206896551724138 0.6
68.70897574502227 81.79639969645508 0.4565217391304348 0.6
62.16526376930586 22.902991915007423 0.7307692307692307 0.6
68.70897574502227 62.16526376930586 0.525 0.6
71.98083173288047 35.99041586644024 0.6666666666666666 0.6
68.70897574502227 32.718559878582035 0.6774193548387096 0.6
71.98083173288047 68.70897574502227 0.5116279069767442 0.6
58.89340778144766 26.174847902865626 0.6923076923076923 0.6
98.1556796357461 49.07783981787305 0.6666666666666666 0.6
26.628627771946036 79.88588331583811 0.25 0.4
49.92867707239882 46.60009860090556 0.5172413793103449 0.4
52.34969580573125 45.805983830014846 0.5333333333333333 0.6
39.26227185429844 52.34969580573125 0.4285714285714286 0.6
46.60009860090556 56.58583401538533 0.4516129032258064 0.4
73.2287263728516 46.60009860090556 0.6111111111111112 0.4
63.242990958371834 43.27152012941231 0.59375 0.4
39.94294165791906 53.25725554389207 0.42857142857142855 0.4
62.16526376930586 32.718559878582035 0.6551724137931034 0.6
49.92867707239882 43.27152012941231 0.5357142857142857 0.4
29.95720624343929 36.6143631864258 0.45 0.4
23.30004930045278 76.55730484434486 0.2333333333333333 0.4
76.55730484434486 49.92867707239882 0.6052631578947368 0.4
43.27152012941231 36.6143631864258 0.5416666666666667 0.4
52.34969580573125 42.53412784215664 0.5517241379310345 0.6
33.28578471493255 53.25725554389207 0.38461538461538464 0.4
53.25725554389207 86.54304025882462 0.380952380952381 0.4
37.238310506411366 84.63252387820765 0.3055555555555556 0.2
44.008912416667975 60.93541719230951 0.4193548387096774 0.2
23.69710668589814 98.17372769872087 0.19444444444444448 0.2
29.95720624343929 53.25725554389207 0.36000000000000004 0.4
33.28578471493255 96.52877567330438 0.2564102564102564 0.4
29.95720624343929 69.90014790135835 0.3 0.4
26.628627771946036 33.28578471493255 0.4444444444444444 0.4
43.27152012941231 43.27152012941231 0.5 0.4
39.94294165791906 53.25725554389207 0.42857142857142855 0.4
39.94294165791906 43.27152012941231 0.48 0.4
23.30004930045278 63.242990958371834 0.2692307692307692 0.4
39.94294165791906 59.91441248687858 0.4 0.4
49.92867707239882 49.92867707239882 0.5 0.4
49.92867707239882 39.94294165791906 0.5555555555555556 0.4
33.28578471493255 56.58583401538533 0.37037037037037035 0.4
46.60009860090556 56.58583401538533 0.4516129032258064 0.4
63.242990958371834 59.91441248687858 0.5135135135135135 0.4
52.34969580573125 62.16526376930586 0.45714285714285713 0.6
35.99041586644024 45.805983830014846 0.44 0.6
58.89340778144766 29.44670389072383 0.6666666666666666 0.6
58.89340778144766 32.718559878582035 0.6428571428571428 0.6
90.02373811824823 12.860534016892604 0.875 0.8
61.08753658023987 19.290801025338904 0.76 0.8
106.09940563936398 19.290801025338904 0.8461538461538461 0.8
73.94807059713247 22.505934529562058 0.7666666666666667 0.8
51.44213606757042 3.215133504223151 0.9411764705882353 0.8
30.467708596154754 91.40312578846425 0.25000000000000006 0.2
20.311805730769834 91.40312578846425 0.18181818181818182 0.2
27.082407641026446 91.40312578846425 0.22857142857142856 0.2
44.008912416667975 71.09132005769442 0.38235294117647056 0.2
13.541203820513223 81.24722292307933 0.14285714285714288 0.2
33.85300955128306 71.09132005769442 0.3225806451612903 0.2
30.467708596154754 94.78842674359257 0.24324324324324326 0.2
37.238310506411366 84.63252387820765 0.3055555555555556 0.2
23.69710668589814 74.47662101282273 0.24137931034482757 0.2
20.311805730769834 54.16481528205289 0.2727272727272727 0.2
27.082407641026446 118.4855334294907 0.18604651162790697 0.2
39.94294165791906 79.88588331583811 0.3333333333333333 0.4
36.6143631864258 36.6143631864258 0.5 0.4
39.94294165791906 36.6143631864258 0.5217391304347826 0.4
49.92867707239882 76.55730484434486 0.39473684210526316 0.4
49.92867707239882 43.27152012941231 0.5357142857142857 0.4
23.30004930045278 53.25725554389207 0.3043478260869565 0.4
66.5715694298651 46.60009860090556 0.5882352941176471 0.4
49.92867707239882 56.58583401538533 0.46875 0.4
46.60009860090556 69.90014790135835 0.39999999999999997 0.4
29.95720624343929 29.95720624343929 0.5 0.4
39.94294165791906 49.92867707239882 0.4444444444444445 0.4
58.89340778144766 49.07783981787305 0.5454545454545454 0.6
93.23887162247138 41.79673555490096 0.6904761904761904 0.8
67.51780358868618 35.36646854645466 0.6562500000000001 0.8
58.89340778144766 52.34969580573125 0.5294117647058824 0.6
42.53412784215664 35.99041586644024 0.5416666666666666 0.6
62.16526376930586 29.44670389072383 0.6785714285714285 0.6
55.621551793589454 22.902991915007423 0.7083333333333333 0.6
88.34011167217149 45.805983830014846 0.6585365853658536 0.6
45.805983830014846 42.53412784215664 0.5185185185185185 0.6
35.99041586644024 39.26227185429844 0.4782608695652174 0.6
75.25268772073868 45.805983830014846 0.6216216216216216 0.6
71.98083173288047 29.44670389072383 0.7096774193548387 0.6
65.43711975716407 49.07783981787305 0.5714285714285714 0.6
55.621551793589454 45.805983830014846 0.5483870967741935 0.6
55.621551793589454 49.07783981787305 0.53125 0.6
42.53412784215664 42.53412784215664 0.5 0.6
68.70897574502227 68.70897574502227 0.5 0.6
55.621551793589454 42.53412784215664 0.5666666666666667 0.6
65.43711975716407 35.99041586644024 0.6451612903225806 0.6
65.43711975716407 42.53412784215664 0.6060606060606061 0.6
65.43711975716407 39.26227185429844 0.625 0.6
65.43711975716407 45.805983830014846 0.5882352941176471 0.6
71.98083173288047 62.16526376930586 0.5365853658536586 0.6
75.25268772073868 45.805983830014846 0.6216216216216216 0.6
90.02373811824823 19.290801025338904 0.8235294117647058 0.8
99.66913863091769 22.505934529562058 0.8157894736842105 0.8
96.45400512669453 22.505934529562058 0.8108108108108109 0.8
61.08753658023987 28.93620153800836 0.6785714285714286 0.8
27.082407641026446 54.16481528205289 0.33333333333333337 0.2
13.541203820513223 98.17372769872087 0.12121212121212122 0.2
27.082407641026446 60.93541719230951 0.3076923076923077 0.2
20.311805730769834 54.16481528205289 0.2727272727272727 0.2
40.28327655972936 104.06513111263418 0.2790697674418605 0.3
16.7846985665539 50.3540956996617 0.25 0.3
26.85551770648624 87.28043254608028 0.23529411764705882 0.3
26.85551770648624 73.85267369283716 0.26666666666666666 0.3
40.28327655972936 50.3540956996617 0.4444444444444444 0.3
53.71103541297248 57.06797512628326 0.48484848484848486 0.3
23.49857799317546 100.7081913993234 0.1891891891891892 0.3
40.28327655972936 70.49573397952638 0.36363636363636365 0.3
30.21245741979702 80.56655311945872 0.2727272727272727 0.3
33.5693971331078 70.49573397952638 0.3225806451612903 0.3
30.21245741979702 70.49573397952638 0.3 0.3
40.28327655972936 70.49573397952638 0.36363636363636365 0.3
43.64021627304014 36.92633684641858 0.5416666666666666 0.3
36.92633684641858 57.06797512628326 0.39285714285714285 0.3
23.49857799317546 57.06797512628326 0.2916666666666667 0.3
30.21245741979702 73.85267369283716 0.2903225806451613 0.3
46.99715598635092 30.21245741979702 0.6086956521739131 0.3
46.99715598635092 67.1387942662156 0.4117647058823529 0.3
46.99715598635092 80.56655311945872 0.3684210526315789 0.3
92.41639560976313 19.120633574433754 0.8285714285714285 0.9
57.361900723301254 19.120633574433754 0.7499999999999999 0.9
82.85607882254625 15.933861312028126 0.8387096774193549 0.9
95.60316787216875 6.37354452481125 0.9375 0.9
92.41639560976313 12.7470890496225 0.8787878787878788 0.9
76.48253429773501 9.560316787216877 0.8888888888888888 0.9
79.66930656014063 9.560316787216877 0.8928571428571428 0.9
89.2296233473575 12.7470890496225 0.875 0.9
86.04285108495188 19.120633574433754 0.8181818181818181 0.9
70.10898977292376 22.307405836839376 0.7586206896551724 0.9
105.16348465938563 9.560316787216877 0.9166666666666666 0.9
82.85607882254625 6.37354452481125 0.9285714285714286 0.9
70.10898977292376 22.307405836839376 0.7586206896551724 0.9
82.85607882254625 12.7470890496225 0.8666666666666667 0.9
114.72380144660251 12.7470890496225 0.9 0.9
66.92221751051814 6.37354452481125 0.9130434782608695 0.9
63.735445248112505 22.307405836839376 0.7407407407407408 0.9
86.04285108495188 19.120633574433754 0.8181818181818181 0.9
89.2296233473575 25.494178099245 0.7777777777777778 0.9
105.16348465938563 9.560316787216877 0.9166666666666666 0.9
40.28327655972936 120.84982967918808 0.25 0.3
117.91057370900813 19.120633574433754 0.8604651162790697 0.9
66.92221751051814 19.120633574433754 0.7777777777777778 0.9
108.35025692179126 12.7470890496225 0.8947368421052632 0.9
95.60316787216875 19.120633574433754 0.8333333333333333 0.9
92.41639560976313 12.7470890496225 0.8787878787878788 0.9
76.48253429773501 12.7470890496225 0.8571428571428571 0.9
79.66930656014063 3.186772262405625 0.9615384615384616 0.9
92.41639560976313 6.37354452481125 0.9354838709677419 0.9
52.80347567481166 29.70195506708156 0.6399999999999999 0.5
36.92633684641858 67.1387942662156 0.3548387096774194 0.3
33.5693971331078 77.20961340614794 0.30303030303030304 0.3
36.92633684641858 50.3540956996617 0.4230769230769231 0.3
20.14163827986468 87.28043254608028 0.1875 0.3
105.16348465938563 3.186772262405625 0.9705882352941176 0.9
70.10898977292376 19.120633574433754 0.7857142857142857 0.9
92.41639560976313 38.24126714886751 0.7073170731707317 0.9
70.10898977292376 6.37354452481125 0.9166666666666666 0.9
86.04285108495188 12.7470890496225 0.8709677419354839 0.9
70.10898977292376 12.7470890496225 0.8461538461538461 0.9
50.98835619849 6.37354452481125 0.8888888888888888 0.9
36.92633684641858 63.78185455290482 0.36666666666666664 0.3
40.28327655972936 77.20961340614794 0.34285714285714286 0.3
50.3540956996617 40.28327655972936 0.5555555555555556 0.3
40.28327655972936 73.85267369283716 0.35294117647058826 0.3
53.71103541297248 60.42491483959404 0.47058823529411764 0.3
26.85551770648624 87.28043254608028 0.23529411764705882 0.3
26.85551770648624 50.3540956996617 0.34782608695652173 0.3
26.85551770648624 63.78185455290482 0.2962962962962963 0.3
26.85551770648624 83.9234928327695 0.24242424242424243 0.3
20.14163827986468 63.78185455290482 0.24 0.3
30.21245741979702 83.9234928327695 0.2647058823529412 0.3
26.85551770648624 46.99715598635092 0.36363636363636365 0.3
23.49857799317546 57.06797512628326 0.2916666666666667 0.3
16.7846985665539 53.71103541297248 0.23809523809523808 0.3
33.5693971331078 70.49573397952638 0.3225806451612903 0.3
30.21245741979702 97.35125168601262 0.23684210526315788 0.3
46.99715598635092 63.78185455290482 0.42424242424242425 0.3
57.06797512628326 50.3540956996617 0.53125 0.3
30.21245741979702 97.35125168601262 0.23684210526315788 0.3
60.42491483959404 80.56655311945872 0.42857142857142855 0.3
43.64021627304014 110.77901053925574 0.2826086956521739 0.3
40.28327655972936 63.78185455290482 0.3870967741935484 0.3
40.28327655972936 67.1387942662156 0.375 0.3
36.92633684641858 53.71103541297248 0.4074074074074074 0.3
26.85551770648624 70.49573397952638 0.27586206896551724 0.3
46.99715598635092 53.71103541297248 0.4666666666666667 0.3
33.5693971331078 97.35125168601262 0.25641025641025644 0.3
33.5693971331078 90.63737225939106 0.2702702702702703 0.3
40.28327655972936 60.42491483959404 0.4 0.3
36.92633684641858 73.85267369283716 0.3333333333333333 0.3
26.85551770648624 60.42491483959404 0.3076923076923077 0.3
23.49857799317546 67.1387942662156 0.25925925925925924 0.3
23.49857799317546 60.42491483959404 0.28 0.3
86.04285108495188 9.560316787216877 0.9 0.9
54.17512846089563 9.560316787216877 0.85 0.9
66.92221751051814 6.37354452481125 0.9130434782608695 0.9
26.40173783740583 42.90282398578447 0.380952380952381 0.5
49.503258445135934 39.60260675610874 0.5555555555555556 0.5
62.70412736383884 36.30238952643302 0.6333333333333333 0.5
23.1015206077301 36.30238952643302 0.3888888888888889 0.5
70.10898977292376 25.494178099245 0.7333333333333333 0.9
33.5693971331078 53.71103541297248 0.38461538461538464 0.3
76.48253429773501 9.560316787216877 0.8888888888888888 0.9
46.2030412154602 33.00217229675729 0.5833333333333334 0.5
69.3045618231903 49.503258445135934 0.5833333333333334 0.5
49.503258445135934 49.503258445135934 0.5 0.5
36.30238952643302 46.2030412154602 0.44 0.5
56.10369290448739 26.40173783740583 0.6799999999999999 0.5
89.2296233473575 9.560316787216877 0.9032258064516129 0.9
76.48253429773501 0.0 1.0 0.9
42.90282398578447 59.40391013416312 0.4193548387096774 0.5
39.60260675610874 52.80347567481166 0.42857142857142855 0.5
52.80347567481166 62.70412736383884 0.45714285714285713 0.5
52.80347567481166 52.80347567481166 0.5 0.5
49.503258445135934 46.2030412154602 0.5172413793103449 0.5
33.00217229675729 29.70195506708156 0.5263157894736842 0.5
52.80347567481166 29.70195506708156 0.6399999999999999 0.5
85.80564797156894 56.10369290448739 0.6046511627906977 0.5
56.10369290448739 39.60260675610874 0.5862068965517242 0.5
59.40391013416312 46.2030412154602 0.5625 0.5
92.41639560976313 6.37354452481125 0.9354838709677419 0.9
66.92221751051814 19.120633574433754 0.7777777777777778 0.9
60.54867298570688 12.7470890496225 0.8260869565217392 0.9
89.2296233473575 9.560316787216877 0.9032258064516129 0.9
111.53702918419688 22.307405836839376 0.8333333333333334 0.9
73.29576203532939 6.37354452481125 0.92 0.9
82.85607882254625 35.05449488646188 0.7027027027027026 0.9
98.78994013457438 19.120633574433754 0.8378378378378378 0.9
95.60316787216875 19.120633574433754 0.8333333333333333 0.9
66.92221751051814 15.933861312028126 0.8076923076923077 0.9
79.66930656014063 6.37354452481125 0.9259259259259259 0.9
72.60477905286604 39.60260675610874 0.6470588235294118 0.5
26.40173783740583 52.80347567481166 0.33333333333333337 0.5
66.92221751051814 22.307405836839376 0.75 0.9
92.41639560976313 22.307405836839376 0.8055555555555556 0.9
66.92221751051814 35.05449488646188 0.65625 0.9
89.2296233473575 41.428039411273126 0.6829268292682926 0.9
36.92633684641858 67.1387942662156 0.3548387096774194 0.3
76.48253429773501 15.933861312028126 0.8275862068965517 0.9
92.41639560976313 15.933861312028126 0.8529411764705882 0.9
73.29576203532939 9.560316787216877 0.8846153846153846 0.9
70.10898977292376 15.933861312028126 0.8148148148148148 0.9
101.97671239698 6.37354452481125 0.9411764705882353 0.9
89.2296233473575 9.560316787216877 0.9032258064516129 0.9
82.85607882254625 3.186772262405625 0.9629629629629629 0.9
108.35025692179126 19.120633574433754 0.85 0.9
121.09734597141376 22.307405836839376 0.8444444444444444 0.9
114.72380144660251 15.933861312028126 0.8780487804878049 0.9
66.00434459351457 66.00434459351457 0.5 0.5
46.2030412154602 46.2030412154602 0.5 0.5
56.10369290448739 39.60260675610874 0.5862068965517242 0.5
79.20521351221748 49.503258445135934 0.6153846153846153 0.5
56.10369290448739 49.503258445135934 0.53125 0.5
36.92633684641858 70.49573397952638 0.34375 0.3
26.85551770648624 73.85267369283716 0.26666666666666666 0.3
36.92633684641858 63.78185455290482 0.36666666666666664 0.3
60.42491483959404 80.56655311945872 0.42857142857142855 0.3
36.92633684641858 67.1387942662156 0.3548387096774194 0.3
40.28327655972936 70.49573397952638 0.36363636363636365 0.3
30.21245741979702 73.85267369283716 0.2903225806451613 0.3
40.28327655972936 53.71103541297248 0.42857142857142855 0.3
86.04285108495188 9.560316787216877 0.9 0.9
89.2296233473575 19.120633574433754 0.8235294117647058 0.9
111.53702918419688 19.120633574433754 0.8536585365853658 0.9
95.60316787216875 6.37354452481125 0.9375 0.9
89.2296233473575 15.933861312028126 0.8484848484848485 0.9
76.48253429773501 15.933861312028126 0.8275862068965517 0.9
73.29576203532939 9.560316787216877 0.8846153846153846 0.9
60.54867298570688 15.933861312028126 0.7916666666666667 0.9
111.53702918419688 31.867722624056253 0.7777777777777778 0.9
59.40391013416312 42.90282398578447 0.5806451612903226 0.5
42.90282398578447 39.60260675610874 0.52 0.5
36.30238952643302 46.2030412154602 0.44 0.5
49.503258445135934 36.30238952643302 0.5769230769230769 0.5
36.30238952643302 42.90282398578447 0.45833333333333337 0.5
39.60260675610874 49.503258445135934 0.44444444444444436 0.5
52.80347567481166 52.80347567481166 0.5 0.5
46.2030412154602 62.70412736383884 0.42424242424242425 0.5
49.503258445135934 36.30238952643302 0.5769230769230769 0.5
79.20521351221748 42.90282398578447 0.6486486486486487 0.5
70.10898977292376 15.933861312028126 0.8148148148148148 0.9
57.361900723301254 12.7470890496225 0.8181818181818182 0.9
76.48253429773501 12.7470890496225 0.8571428571428571 0.9
82.85607882254625 3.186772262405625 0.9629629629629629 0.9
20.14163827986468 67.1387942662156 0.23076923076923078 0.3
46.99715598635092 60.42491483959404 0.4375 0.3
63.735445248112505 9.560316787216877 0.8695652173913044 0.9
92.41639560976313 15.933861312028126 0.8529411764705882 0.9
95.60316787216875 9.560316787216877 0.9090909090909091 0.9
47.80158393608438 3.186772262405625 0.9375 0.9
76.48253429773501 3.186772262405625 0.96 0.9
76.48253429773501 9.560316787216877 0.8888888888888888 0.9
89.2296233473575 6.37354452481125 0.9333333333333333 0.9
56.10369290448739 36.30238952643302 0.6071428571428571 0.5
66.00434459351457 29.70195506708156 0.6896551724137931 0.5
62.70412736383884 39.60260675610874 0.6129032258064516 0.5
66.00434459351457 42.90282398578447 0.6060606060606061 0.5
62.70412736383884 36.30238952643302 0.6333333333333333 0.5
52.80347567481166 52.80347567481166 0.5 0.5
59.40391013416312 36.30238952643302 0.6206896551724138 0.5
56.10369290448739 46.2030412154602 0.5483870967741935 0.5
70.10898977292376 9.560316787216877 0.88 0.9
70.10898977292376 9.560316787216877 0.88 0.9
73.29576203532939 15.933861312028126 0.8214285714285714 0.9
95.60316787216875 3.186772262405625 0.967741935483871 0.9
70.10898977292376 0.0 1.0 0.9
63.735445248112505 9.560316787216877 0.8695652173913044 0.9
50.98835619849 15.933861312028126 0.761904761904762 0.9
73.29576203532939 15.933861312028126 0.8214285714285714 0.9
89.2296233473575 22.307405836839376 0.7999999999999999 0.9
72.60477905286604 36.30238952643302 0.6666666666666666 0.5
49.503258445135934 62.70412736383884 0.44117647058823534 0.5
69.3045618231903 36.30238952643302 0.65625 0.5
79.66930656014063 12.7470890496225 0.8620689655172413 0.9
82.85607882254625 19.120633574433754 0.8125 0.9
130.65766275863064 9.560316787216877 0.9318181818181818 0.9
89.2296233473575 6.37354452481125 0.9333333333333333 0.9
82.85607882254625 6.37354452481125 0.9285714285714286 0.9
92.41639560976313 6.37354452481125 0.9354838709677419 0.9
101.97671239698 9.560316787216877 0.9142857142857143 0.9
89.2296233473575 15.933861312028126 0.8484848484848485 0.9
86.04285108495188 9.560316787216877 0.9 0.9
101.97671239698 15.933861312028126 0.8648648648648648 0.9
86.04285108495188 15.933861312028126 0.84375 0.9
92.41639560976313 15.933861312028126 0.8529411764705882 0.9
39.60260675610874 19.80130337805437 0.6666666666666666 0.5
59.40391013416312 56.10369290448739 0.5142857142857143 0.5
36.30238952643302 39.60260675610874 0.4782608695652174 0.5
52.80347567481166 39.60260675610874 0.5714285714285714 0.5
46.2030412154602 52.80347567481166 0.46666666666666673 0.5
46.2030412154602 49.503258445135934 0.4827586206896552 0.5
72.60477905286604 36.30238952643302 0.6666666666666666 0.5
49.503258445135934 49.503258445135934 0.5 0.5
52.80347567481166 23.1015206077301 0.6956521739130435 0.5
56.10369290448739 46.2030412154602 0.5483870967741935 0.5
72.60477905286604 39.60260675610874 0.6470588235294118 0.5
49.503258445135934 29.70195506708156 0.625 0.5
42.90282398578447 33.00217229675729 0.5652173913043478 0.5
46.2030412154602 49.503258445135934 0.4827586206896552 0.5
49.503258445135934 49.503258445135934 0.5 0.5
62.70412736383884 52.80347567481166 0.5428571428571428 0.5
52.80347567481166 56.10369290448739 0.4848484848484848 0.5
56.10369290448739 42.90282398578447 0.5666666666666668 0.5
72.60477905286604 49.503258445135934 0.5945945945945945 0.5
69.3045618231903 39.60260675610874 0.6363636363636364 0.5
72.60477905286604 49.503258445135934 0.5945945945945945 0.5
31.867722624056253 15.933861312028126 0.6666666666666667 0.9
54.17512846089563 12.7470890496225 0.8095238095238095 0.9
86.04285108495188 28.680950361650627 0.75 0.9
73.29576203532939 15.933861312028126 0.8214285714285714 0.9
76.48253429773501 15.933861312028126 0.8275862068965517 0.9
60.54867298570688 6.37354452481125 0.9047619047619049 0.9
73.29576203532939 28.680950361650627 0.71875 0.9
86.04285108495188 19.120633574433754 0.8181818181818181 0.9
82.85607882254625 12.7470890496225 0.8666666666666667 0.9
73.29576203532939 3.186772262405625 0.9583333333333334 0.9
92.41639560976313 12.7470890496225 0.8787878787878788 0.9
79.66930656014063 12.7470890496225 0.8620689655172413 0.9
95.60316787216875 15.933861312028126 0.8571428571428571 0.9
89.2296233473575 9.560316787216877 0.9032258064516129 0.9
98.78994013457438 19.120633574433754 0.8378378378378378 0.9
114.72380144660251 9.560316787216877 0.923076923076923 0.9
70.10898977292376 0.0 1.0 0.9
95.60316787216875 28.680950361650627 0.7692307692307692 0.9
82.85607882254625 15.933861312028126 0.8387096774193549 0.9
79.66930656014063 19.120633574433754 0.8064516129032258 0.9
76.48253429773501 12.7470890496225 0.8571428571428571 0.9
66.92221751051814 15.933861312028126 0.8076923076923077 0.9
117.91057370900813 0.0 1.0 0.9
76.48253429773501 15.933861312028126 0.8275862068965517 0.9
98.78994013457438 15.933861312028126 0.861111111111111 0.9
92.41639560976313 15.933861312028126 0.8529411764705882 0.9
82.85607882254625 6.37354452481125 0.9285714285714286 0.9
66.92221751051814 19.120633574433754 0.7777777777777778 0.9
82.85607882254625 6.37354452481125 0.9285714285714286 0.9
105.16348465938563 22.307405836839376 0.825 0.9
66.92221751051814 22.307405836839376 0.75 0.9
114.72380144660251 15.933861312028126 0.8780487804878049 0.9
105.16348465938563 9.560316787216877 0.9166666666666666 0.9
111.53702918419688 15.933861312028126 0.875 0.9
114.72380144660251 12.7470890496225 0.9 0.9
95.60316787216875 6.37354452481125 0.9375 0.9
70.10898977292376 19.120633574433754 0.7857142857142857 0.9
46.99715598635092 57.06797512628326 0.45161290322580644 0.3
40.28327655972936 40.28327655972936 0.5 0.3
40.28327655972936 87.28043254608028 0.3157894736842105 0.3
33.5693971331078 57.06797512628326 0.37037037037037035 0.3
79.20521351221748 42.90282398578447 0.6486486486486487 0.5
56.10369290448739 49.503258445135934 0.53125 0.5
46.99715598635092 77.20961340614794 0.3783783783783784 0.3
36.92633684641858 90.63737225939106 0.2894736842105263 0.3
26.85551770648624 63.78185455290482 0.2962962962962963 0.3
23.49857799317546 33.5693971331078 0.4117647058823529 0.3
111.53702918419688 9.560316787216877 0.9210526315789473 0.9
89.2296233473575 19.120633574433754 0.8235294117647058 0.9
114.72380144660251 12.7470890496225 0.9 0.9
98.78994013457438 9.560316787216877 0.9117647058823529 0.9
30.21245741979702 70.49573397952638 0.3 0.3
33.5693971331078 67.1387942662156 0.3333333333333333 0.3
33.5693971331078 46.99715598635092 0.4166666666666667 0.3
57.06797512628326 73.85267369283716 0.43589743589743596 0.3
57.06797512628326 77.20961340614794 0.425 0.3
33.5693971331078 70.49573397952638 0.3225806451612903 0.3
43.64021627304014 80.56655311945872 0.35135135135135137 0.3
46.99715598635092 67.1387942662156 0.4117647058823529 0.3
26.85551770648624 50.3540956996617 0.34782608695652173 0.3
53.71103541297248 63.78185455290482 0.45714285714285713 0.3
46.99715598635092 73.85267369283716 0.3888888888888889 0.3
67.1387942662156 50.3540956996617 0.5714285714285714 0.3
36.92633684641858 53.71103541297248 0.4074074074074074 0.3
50.3540956996617 50.3540956996617 0.5 0.3
26.40173783740583 33.00217229675729 0.4444444444444445 0.5
20.14163827986468 53.71103541297248 0.2727272727272727 0.3
23.49857799317546 67.1387942662156 0.25925925925925924 0.3
26.85551770648624 104.06513111263418 0.20512820512820515 0.3
40.28327655972936 70.49573397952638 0.36363636363636365 0.3
26.85551770648624 63.78185455290482 0.2962962962962963 0.3
43.64021627304014 63.78185455290482 0.40625 0.3
43.64021627304014 53.71103541297248 0.4482758620689655 0.3
98.78994013457438 19.120633574433754 0.8378378378378378 0.9
98.78994013457438 6.37354452481125 0.9393939393939393 0.9
98.78994013457438 12.7470890496225 0.8857142857142857 0.9
105.16348465938563 6.37354452481125 0.9428571428571428 0.9
52.80347567481166 26.40173783740583 0.6666666666666667 0.5
42.90282398578447 39.60260675610874 0.52 0.5
72.60477905286604 85.80564797156894 0.45833333333333337 0.5
52.80347567481166 46.2030412154602 0.5333333333333333 0.5
66.00434459351457 26.40173783740583 0.7142857142857143 0.5
23.1015206077301 33.00217229675729 0.4117647058823529 0.5
36.30238952643302 33.00217229675729 0.5238095238095237 0.5
46.2030412154602 36.30238952643302 0.5599999999999999 0.5
56.10369290448739 52.80347567481166 0.5151515151515151 0.5
49.503258445135934 56.10369290448739 0.46875 0.5
42.90282398578447 46.2030412154602 0.48148148148148145 0.5
36.30238952643302 49.503258445135934 0.423076923076923 0.5
63.735445248112505 15.933861312028126 0.8 0.9
92.41639560976313 19.120633574433754 0.8285714285714285 0.9
76.48253429773501 9.560316787216877 0.8888888888888888 0.9
92.41639560976313 35.05449488646188 0.725 0.9
111.53702918419688 12.7470890496225 0.8974358974358975 0.9
86.04285108495188 6.37354452481125 0.9310344827586207 0.9
